0.000000000000000e+00	1.000000000000000e+00
1.000000000000000e-01	9.975015620660401e-01
2.000000000000000e-01	9.900249722395765e-01
3.000000000000000e-01	9.776262465382961e-01
4.000000000000000e-01	9.603982266595635e-01
5.000000000000000e-01	9.384698072408129e-01
6.000000000000000e-01	9.120048634972105e-01
7.000000000000000e-01	8.812008886074052e-01
7.999999999999999e-01	8.462873527504805e-01
8.999999999999999e-01	8.075237981225449e-01
9.999999999999999e-01	7.651976865579666e-01
1.100000000000000e+00	7.196220185275110e-01
1.200000000000000e+00	6.711327442643629e-01
1.300000000000000e+00	6.200859895615092e-01
1.400000000000000e+00	5.668551203742886e-01
1.500000000000000e+00	5.118276717359180e-01
1.600000000000000e+00	4.554021676393805e-01
1.700000000000000e+00	3.979848594461093e-01
1.800000000000000e+00	3.399864110425579e-01
1.900000000000001e+00	2.818185593743851e-01
2.000000000000000e+00	2.238907791412354e-01
2.100000000000001e+00	1.666069803319900e-01
2.200000000000001e+00	1.103622669221737e-01
2.300000000000001e+00	5.553978444560155e-02
2.400000000000001e+00	2.507683297243338e-03
2.500000000000001e+00	-4.838377646819846e-02
2.600000000000001e+00	-9.680495439703872e-02
2.700000000000001e+00	-1.424493700460123e-01
2.800000000000001e+00	-1.850360333643877e-01
2.900000000000001e+00	-2.243115457919686e-01
3.000000000000001e+00	-2.600519549019339e-01
3.100000000000001e+00	-2.920643476506979e-01
3.200000000000002e+00	-3.201881696571233e-01
3.300000000000002e+00	-3.442962603988850e-01
3.400000000000002e+00	-3.642955967620008e-01
3.500000000000002e+00	-3.801277399872636e-01
3.600000000000002e+00	-3.917689837007980e-01
3.700000000000002e+00	-3.992302033711913e-01
3.800000000000002e+00	-4.025564101785642e-01
3.900000000000002e+00	-4.018260148876399e-01
4.000000000000002e+00	-3.971498098638471e-01
4.100000000000001e+00	-3.886696798358536e-01
4.200000000000001e+00	-3.765570543675675e-01
4.300000000000001e+00	-3.610111172365349e-01
4.400000000000000e+00	-3.422567900038855e-01
4.500000000000000e+00	-3.205425089851214e-01
4.600000000000000e+00	-2.961378165741412e-01
4.699999999999999e+00	-2.693307894197530e-01
4.799999999999999e+00	-2.404253272911837e-01
4.899999999999999e+00	-2.097383275853268e-01
4.999999999999998e+00	-1.775967713143389e-01
5.099999999999998e+00	-1.443347470605012e-01
5.199999999999998e+00	-1.102904397909874e-01
5.299999999999997e+00	-7.580311158558513e-02
5.399999999999997e+00	-4.121010124499241e-02
5.499999999999996e+00	-6.843869417820409e-03
5.599999999999996e+00	2.697088468511317e-02
5.699999999999996e+00	5.992000972403601e-02
5.799999999999995e+00	9.170256757481472e-02
5.899999999999995e+00	1.220333545928212e-01
5.999999999999995e+00	1.506452572509955e-01
6.099999999999994e+00	1.772914222427421e-01
6.199999999999994e+00	2.017472229489028e-01
6.299999999999994e+00	2.238120061321897e-01
6.399999999999993e+00	2.433106048234054e-01
6.499999999999993e+00	2.600946055816053e-01
6.599999999999993e+00	2.740433606241453e-01
6.699999999999992e+00	2.850647377105752e-01
6.799999999999992e+00	2.930956031042720e-01
6.899999999999991e+00	2.981020354048197e-01
6.999999999999991e+00	3.000792705195555e-01
7.099999999999991e+00	2.990513805015504e-01
7.199999999999990e+00	2.950706914009584e-01
7.299999999999990e+00	2.882169476350152e-01
7.399999999999990e+00	2.785962326574787e-01
7.499999999999989e+00	2.663396578803798e-01
7.599999999999989e+00	2.516018338499781e-01
7.699999999999989e+00	2.345591395864664e-01
7.799999999999988e+00	2.154078077462653e-01
7.899999999999988e+00	1.943618448412809e-01
7.999999999999988e+00	1.716508071375568e-01
8.099999999999987e+00	1.475174540443808e-01
8.199999999999987e+00	1.222153017841409e-01
8.299999999999986e+00	9.600610089501402e-02
8.399999999999986e+00	6.915726165698903e-02
8.499999999999986e+00	4.193925184293837e-02
8.599999999999985e+00	1.462299127874516e-02
8.699999999999985e+00	-1.252273244966076e-02
8.799999999999985e+00	-3.923380317653798e-02
8.899999999999984e+00	-6.525324685124030e-02
8.999999999999984e+00	-9.033361118287220e-02
9.099999999999984e+00	-1.142392326831950e-01
9.199999999999983e+00	-1.367483707648600e-01
9.299999999999983e+00	-1.576551899433995e-01
9.399999999999983e+00	-1.767715727515048e-01
9.499999999999982e+00	-1.939287476874194e-01
9.599999999999982e+00	-2.089787183688699e-01
9.699999999999982e+00	-2.217954820317207e-01
9.799999999999981e+00	-2.322760275793656e-01
9.899999999999981e+00	-2.403411055347590e-01
9.999999999999980e+00	-2.459357644513475e-01
1.009999999999998e+01	-2.490296505809096e-01
1.019999999999998e+01	-2.496170698541268e-01
1.029999999999998e+01	-2.477168134822443e-01
1.039999999999998e+01	-2.433717507142083e-01
1.049999999999998e+01	-2.366481944623488e-01
1.059999999999998e+01	-2.276350476206952e-01
1.069999999999998e+01	-2.164427399238202e-01
1.079999999999998e+01	-2.032019671120422e-01
1.089999999999998e+01	-1.880622459633458e-01
1.099999999999998e+01	-1.711903004072002e-01
1.109999999999998e+01	-1.527682954356813e-01
1.119999999999998e+01	-1.329919368595795e-01
1.129999999999998e+01	-1.120684561098123e-01
1.139999999999998e+01	-9.021450024752511e-02
1.149999999999998e+01	-6.765394811167090e-02
1.159999999999997e+01	-4.461567409444419e-02
1.169999999999997e+01	-2.133128138850547e-02
1.179999999999997e+01	1.967173306733618e-03
1.189999999999997e+01	2.504944169958353e-02
1.199999999999997e+01	4.768931079682759e-02
1.209999999999997e+01	6.966677360680154e-02
1.219999999999997e+01	9.077012317049925e-02
1.229999999999997e+01	1.107979503075799e-01
1.239999999999997e+01	1.295610265174972e-01
1.249999999999997e+01	1.468840547004164e-01
1.259999999999997e+01	1.626072717455064e-01
1.269999999999997e+01	1.765878885614952e-01
1.279999999999997e+01	1.887013547806800e-01
1.289999999999997e+01	1.988424371363282e-01
1.299999999999997e+01	2.069261023770657e-01
1.309999999999997e+01	2.128881975220589e-01
1.319999999999997e+01	2.166859222585633e-01
1.329999999999997e+01	2.182980903192769e-01
1.339999999999997e+01	2.177251787311845e-01
1.349999999999997e+01	2.149891658804020e-01
1.359999999999997e+01	2.101331613692503e-01
1.369999999999997e+01	2.032208326330097e-01
1.379999999999997e+01	1.943356352156318e-01
1.389999999999997e+01	1.835798554578736e-01
1.399999999999997e+01	1.710734761104632e-01
1.409999999999997e+01	1.569528770326063e-01
1.419999999999997e+01	1.413693846571342e-01
1.429999999999997e+01	1.244876852839253e-01
1.439999999999996e+01	1.064841184903482e-01
1.449999999999996e+01	8.754486801038311e-02
1.459999999999996e+01	6.786406832338629e-02
1.469999999999996e+01	4.764184590152916e-02
1.479999999999996e+01	2.708231458587963e-02
1.489999999999996e+01	6.391544890860610e-03
1.499999999999996e+01	-1.422447282677311e-02
1.509999999999996e+01	-3.456185145555744e-02
1.519999999999996e+01	-5.442079684403170e-02
1.529999999999996e+01	-7.360754495111593e-02
1.539999999999996e+01	-9.193622786231369e-02
1.549999999999996e+01	-1.092306509000436e-01
1.559999999999996e+01	-1.253259640224746e-01
1.569999999999996e+01	-1.400702118290429e-01
