1.0000000000000000e+00 1.1289669699980373e+03 2.8122491379505958e+00
5.0000000000000000e-01 4.8387392790095610e+03 3.1458996455747408e+00
2.5000000000000000e-01 9.9049715393584279e+02 9.3915224646162843e-01
1.2500000000000000e-01 6.0076032259970212e+01 2.4433039505715382e-01
6.2500000000000000e-02 1.5967574444337487e+01 6.1678994604397630e-02
3.1250000000000000e-02 4.8370210248222394e+00 1.5457023391105995e-02
1.5625000000000000e-02 1.8848889858777653e+00 3.8665855190269660e-03
7.8125000000000000e-03 8.3512716704315526e-01 9.6679198420979162e-04
3.9062500000000000e-03 3.9355626028762281e-01 2.4170709633075660e-04
1.9531250000000000e-03 1.9110212615440858e-01 6.0427342849944665e-05
9.7656250000000000e-04 9.4171152624683785e-02 1.5106871260606169e-05
4.8828125000000000e-04 4.6745384371583043e-02 3.7767200367078146e-06
2.4414062500000000e-04 2.3288236176978838e-02 9.4418014828789865e-07
1.2207031250000000e-04 1.1623077695542605e-02 2.3604504573171425e-07
6.1035156250000000e-05 5.8062879266325140e-03 5.9011262099062378e-08
