   0.0000000000000000e+00    1.0000000000000001e-01    1.0000000000000000e+00    9.9833416646828155e-01    9.9833416646828155e-03   -3.1946693326985010e-01
   1.0000000000000001e-01    1.0000000000000001e-01    9.9500416527802582e-01    9.8835914148233062e-01    9.9334665397530619e-03   -3.1620842510777275e-01
   2.0000000000000001e-01    1.0000000000000001e-01    9.8006657784124163e-01    9.6850875866278385e-01    9.7843395007255734e-03   -3.0979046688662715e-01
   3.0000000000000004e-01    1.0000000000000001e-01    9.5533648912560598e-01    9.3898135647310921e-01    9.5374505756794653e-03   -3.0027718472346376e-01
   4.0000000000000002e-01    1.0000000000000001e-01    9.2106099400288510e-01    9.0007196295552483e-01    9.1952665971431705e-03   -2.8776363218898399e-01
   5.0000000000000000e-01    1.0000000000000001e-01    8.7758256189037276e-01    8.5216934790832366e-01    8.7612065543192421e-03   -2.7237484056368222e-01
   5.9999999999999998e-01    1.0000000000000001e-01    8.2533561490967833e-01    7.9575213842655645e-01    8.2396074316744006e-03   -2.5426456956661964e-01
   6.9999999999999996e-01    1.0000000000000001e-01    7.6484218728448850e-01    7.3138403661831664e-01    7.6356808752243658e-03   -2.3361377103913972e-01
   7.9999999999999993e-01    1.0000000000000001e-01    6.9670670934716550e-01    6.5970818727960623e-01    6.9554611194896148e-03   -2.1062878093388260e-01
   8.9999999999999991e-01    1.0000000000000001e-01    6.2160996827066450e-01    5.8144075180413091e-01    6.2057446954186862e-03   -1.8553925767415205e-01
   9.9999999999999989e-01    1.0000000000000001e-01    5.4030230586813977e-01    4.9736375253538911e-01    5.3940225216976001e-03   -1.5859588748286624e-01
   1.0999999999999999e+00    1.0000000000000001e-01    4.5359612142557748e-01    4.0831725905790983e-01    4.5284050579664946e-03   -1.3006787960868130e-01
   1.2000000000000000e+00    1.0000000000000001e-01    3.6235775447667362e-01    3.1519099449966670e-01    3.6175412677878827e-03   -1.0024027647617172e-01
   1.3000000000000000e+00    1.0000000000000001e-01    2.6749882862458735e-01    2.1891544571267296e-01    2.6705322010616983e-03   -6.9411105636142056e-02
   1.4000000000000001e+00    1.0000000000000001e-01    1.6996714290024081e-01    1.2045256615594191e-01    1.6968400593430745e-03   -3.7888401972856534e-02
   1.5000000000000002e+00    1.0000000000000001e-01    7.0737201667702684e-02    2.0786164374506644e-02    7.0619365265224283e-04   -5.9871299212992234e-03
